# The modifications of the output file from Kalibr:
# 1. For each matrix (e.g. cam0/T_cam_imu), remove the brackets and minus sign for each line. Use one pair of brackets for each matrix.
# 2. Add the T_imu_body at the end of the calibration file (usually set to identity).
cam0:
  T_cam_imu:
    [9.364838501156743e-04, -0.999983760042092, 0.005621623437938, 0.003564998116975,
    -2.289773574019524e-04, -0.005621840185957, -0.999984171115870, -0.004947273688044,
     0.999999535283576, 9.351818021420969e-04, -2.342384013612272e-04, -0.003394120644524,
                     0,                   0,                   0,   1.000000000000000]
  camera_model: pinhole
  distortion_coeffs: [0,0,0,0]
  distortion_model: radtan
  intrinsics: [216.95891262505614, 216.99374502935092, 213.43978122143577, 119.49370208689406]
  resolution: [424, 240]
  timeshift_cam_imu: 0.006214
cam1:
  T_cam_imu:
    [0.004226828842946, -0.999975786606223, 0.005528120765440, -0.043621014673885,
    -7.539506807972279e-04, -0.005531355378038, -0.999984417711623, -0.004841712244103,
     0.999990782695672, 0.004222595048865, -7.773125175448970e-04, -0.003541435209475,
                     0,                   0,                   0,   1.000000000000000]
  T_cn_cnm1:
    [0.9999996866462902, -0.0001465944354592949, 0.0007779571923786659, -0.04972066384166634, 
    0.0001470579305417837, 0.9999998117213443, -0.0005957610604856622, 3.85818314150841e-05,
    -0.0007778697106496008, 0.000595875278576485, 0.9999995199255677, -0.00017590330380825718, 
                     0,                   0,                   0,   1.000000000000000]
  camera_model: pinhole
  distortion_coeffs: [0,0,0,0]
  distortion_model: radtan
  intrinsics: [216.78108367501295, 216.8120449213206, 212.33793870445015, 120.15070817394069]
  resolution: [424, 240]
  timeshift_cam_imu: 0.006214
T_imu_body:
  [1.0000, 0.0000, 0.0000, 0.0000,
  0.0000, 1.0000, 0.0000, 0.0000,
  0.0000, 0.0000, 1.0000, 0.0000,
  0.0000, 0.0000, 0.0000, 1.0000]


