# The modifications of the output file from Kalibr:
# 1. For each matrix (e.g. cam0/T_cam_imu), remove the brackets and minus sign for each line. Use one pair of brackets for each matrix.
# 2. Add the T_imu_body at the end of the calibration file (usually set to identity).
cam0:
  T_cam_imu:
    [-0.00369316, -0.99996073,  0.00805539,  0.00862610,
     -0.01318952, -0.00800604, -0.99988096,  0.00554662,
      0.99990619, -0.00379896, -0.01315943, -0.08857689,
      0.        ,  0.        ,  0.        ,  1.        ]
  camera_model: pinhole
  distortion_coeffs: [0.00969467087041405, -0.0034373080604433994, 0.0006066250075576818, 0.001032339912776203]
  distortion_model: radtan
  intrinsics: [216.95891262505614, 216.99374502935092, 213.43978122143577, 119.49370208689406]
  resolution: [424, 240]
  timeshift_cam_imu: 0.0
cam1:
  T_cam_imu:
    [ 0.00180281, -0.99996509,  0.00815950,  -0.04152356,
     -0.01360302, -0.00818328, -0.99987399,   0.00560185,
      0.99990585,  0.00169159, -0.01361730,  -0.08867684,
      0.        ,  0.        ,  0.        ,   1.        ]
  T_cn_cnm1:
    [ 0.99998489, -0.00017655,  0.00549410, -0.04966191,
      0.00017882,  0.99999990, -0.00041288,  0.00001711,
     -0.00549402,  0.00041386,  0.99998482, -0.00005619,
      0.        ,  0.        ,  0.        ,  1.        ]
  camera_model: pinhole
  distortion_coeffs: [0.012495790460228858, -0.006987826144489144, 0.0006236396078656026, -9.728453005717648e-05]
  distortion_model: radtan
  intrinsics: [216.78108367501295, 216.8120449213206, 212.33793870445015, 120.15070817394069]
  resolution: [424, 240]
  timeshift_cam_imu: 0.0
T_imu_body:
  [1.0000, 0.0000, 0.0000, 0.0000,
  0.0000, 1.0000, 0.0000, 0.0000,
  0.0000, 0.0000, 1.0000, 0.0000,
  0.0000, 0.0000, 0.0000, 1.0000]
