# The modifications of the output file from Kalibr:
# 1. For each matrix (e.g. cam0/T_cam_imu), remove the brackets and minus sign for each line. Use one pair of brackets for each matrix.
# 2. Add the T_imu_body at the end of the calibration file (usually set to identity).
cam0:
  T_cam_imu:
    [-0.00313395669226264, -0.999992730790635, 0.00217179219523420, 0.000902519459486352, 0.00345549952249991, -0.00218261930779026, -0.999991647813124, -0.0105527566677308, 0.999989118860051, -0.00312642588997702, 0.00346231463813689, -0.0430672889140780, 0, 0, 0, 1]
  camera_model: pinhole
  distortion_coeffs: [0.001815924628024654, -0.003536889067424245, 0.00022630014917458902,
    0.00034350765436546427]
  distortion_model: radtan
  intrinsics: [212.13644650672174, 211.83442736930851, 212.85792707084315, 119.22672412378104]
  resolution: [424, 240]
  timeshift_cam_imu: 0.012096
cam1:
  T_cam_imu:
    [-0.00401690162400322, -0.999989436637458, 0.00223408031248887, -0.0494001435902977, 0.00326381805479774, -0.00224719694620687, -0.999992148767974, -0.0106300725760621, 0.999986605906823, -0.00400957845471681, 0.00327281034696693, -0.0424594678599118, 0, 0, 0, 1]
  T_cn_cnm1:
    [0.99999891, -0.00015804, -0.00147105, -0.04978216,
     0.00015737,  0.99999988, -0.00045801,  0.00007212,
     0.00147112,  0.00045778,  0.99999881, -0.0000135 ,
     0.        ,  0.        ,  0.        ,  1.        ]
  camera_model: pinhole
  distortion_coeffs: [0.001687034338163458, -0.0060354459916252545, 0.00012577252164840973,
    0.0007483892489335807]
  distortion_model: radtan
  intrinsics: [212.30128379180204, 211.9969285584328, 213.30176616322916, 119.8292890140387]
  resolution: [424, 240]
  timeshift_cam_imu: 0.012096
T_imu_body:
  [1.0000, 0.0000, 0.0000, 0.0000,
  0.0000, 1.0000, 0.0000, 0.0000,
  0.0000, 0.0000, 1.0000, 0.0000,
  0.0000, 0.0000, 0.0000, 1.0000]


