# The modifications of the output file from Kalibr:
# 1. For each matrix (e.g. cam0/T_cam_imu), remove the brackets and minus sign for each line. Use one pair of brackets for each matrix.
# 2. Add the T_imu_body at the end of the calibration file (usually set to identity).
cam0:
  T_cam_imu:
    [-0.008528279936855898, -0.9999599504836038, 0.0027140136603536757, -0.0002896860262176045,
    0.0016319688131650745, -0.002728027090201479, -0.9999949472602296, 0.0006238075377912931,
     0.9999623018489812, -0.00852380766002453, 0.0016551688323038216, -0.001425331222001545,
                     0,                   0,                   0,   1.000000000000000]
  camera_model: pinhole
  distortion_coeffs: [0.0,0.0,0.0,0.0]
  distortion_model: radtan
  intrinsics: [213.54380798339844, 213.54380798339844, 212.411865234375, 119.63890838623047]
  resolution: [424, 240]
  timeshift_cam_imu: 0.09
cam1:
  T_cam_imu:
    [-0.007750588637203543, -0.9999658683863274, 0.002861894155160971, -0.05001155007049927,
    0.0010349757533062443, -0.0028700004648240796, -0.9999953459504312, 0.0006631958079695731,
     0.9999694281331641, -0.007747590574520791, 0.0010571846209051217, -0.0016006367920689722,
                     0,                   0,                   0,   1.000000000000000]
  T_cn_cnm1:
    [0.9999996866462902, -0.0001465944354592949, 0.0007779571923786659, -0.04972066384166634, 
    0.0001470579305417837, 0.9999998117213443, -0.0005957610604856622, 3.85818314150841e-05,
    -0.0007778697106496008, 0.000595875278576485, 0.9999995199255677, -0.00017590330380825718, 
                     0,                   0,                   0,   1.000000000000000]
  camera_model: pinhole
  distortion_coeffs: [0.0,0.0,0.0,0.0]
  distortion_model: radtan
  intrinsics: [213.54380798339844, 213.54380798339844, 213.54380798339844, 119.63890838623047]
  resolution: [424, 240]
  timeshift_cam_imu: 0.09
T_imu_body:
  [1.0000, 0.0000, 0.0000, 0.0000,
  0.0000, 1.0000, 0.0000, 0.0000,
  0.0000, 0.0000, 1.0000, 0.0000,
  0.0000, 0.0000, 0.0000, 1.0000]
